13 73.185303 -34.908705 31.458509 12.621287 13.084861 -11.108160 -68.024474 76.915515 -22.597423 -31.890050 -55.514747 -24.283477 85.543805 -44.482237
5 -6.211408 -30.879779 -64.295310 -12.940571 65.001239 -17.699598 29.371713 18.643555 -31.202721 18.054223 12.490112 -42.030417 35.422656 26.276317
9 -6.329025 43.980773 -15.551668 -20.576233 30.864395 26.578686 1.570272 -25.157729 57.632138 -15.650874 0.812980 -32.939988 -41.074472 -4.159240
12 -33.079874 22.894343 5.980342 -43.018928 30.336573 28.541951 -3.050227 17.445153 -14.758751 24.887703 -22.747593 41.079845 -29.429866 -25.080663
6 33.139138 -9.696900 -31.210479 8.293842 5.382798 44.998088 -25.759063 27.438323 11.881482 -14.853310 4.219529 -30.971086 4.170948 -27.033307
3 16.395755 -39.154097 51.032090 8.754202 -26.817573 -6.429777 -3.224231 41.385130 -0.357233 -16.180911 -1.401970 17.622552 -17.418578 -24.205350
1 82.382062 25.843566 47.079638 -2.237319 3.920994 -29.027580 -12.082650 -2.550044 42.429739 -39.952447 -22.523995 -79.751435 2.234634 -15.765157
1 81.485805 17.671859 -16.101382 3.573526 5.150556 -13.036799 -16.604751 -13.159804 -8.090167 -26.854292 -12.946673 6.564292 -6.697196 -0.954972
5 -32.517243 -77.912899 -27.658071 28.377647 72.394564 -14.345926 3.413783 -30.993314 19.598432 22.864738 -22.558524 14.848333 51.480349 -6.991859
4 -16.265958 -41.611442 -69.472750 78.314369 -59.444830 -23.455172 59.941123 -31.022345 53.310574 41.091064 7.351261 42.940580 -44.638199 2.961735
9 40.695294 25.082768 2.602305 -9.432400 28.356868 -19.704415 -49.334156 12.162057 43.499060 -79.738534 -67.878086 28.935365 40.867357 3.886517
2 55.256296 126.070620 41.231342 -97.603820 39.559454 15.151259 -16.857560 51.645724 30.297878 -41.305775 -102.269892 -31.797608 -52.200511 -17.177392
9 10.955246 59.143015 60.195882 -35.690669 -24.255201 -44.158945 12.482507 16.958991 106.182156 -29.105357 -68.394114 -0.062873 -39.511100 -24.739525
4 68.958921 -41.384437 -49.963462 76.352552 13.482884 -61.790198 31.904198 -24.750694 -23.030216 22.441776 -47.019707 28.803392 11.065501 -5.070507
9 -9.891298 -20.009622 23.820617 -14.665693 43.568921 -19.499707 5.840417 17.693372 69.520865 -24.244864 -20.774897 6.692630 -31.674129 -26.376602
12 31.510012 20.104513 7.451356 -22.772768 33.695363 -18.177129 -16.945136 1.467603 5.562554 9.495779 -66.659628 53.432242 -30.318730 -7.846027
9 6.367191 32.689766 17.593756 -47.399484 39.781174 -56.162032 -60.946628 10.943436 41.915375 23.677464 14.511413 -0.887746 -7.430652 -14.653023
2 26.971075 82.617264 -25.194200 -2.222932 -24.966068 -17.256733 -26.813904 43.279453 -2.228756 -38.951151 -55.986846 36.268429 -1.115016 5.599393
2 62.449353 167.559875 -65.510027 -42.944262 52.692207 -7.670222 -58.695150 -28.947315 -13.693591 -74.796049 -105.878361 30.166186 88.850767 -3.583393
6 -1.265872 41.403522 -39.723634 -40.888719 24.206731 69.424496 -0.305925 30.842841 -34.793979 16.811036 -79.508110 47.431351 -40.073851 6.440117
13 57.235814 -75.809527 -29.127777 -2.611265 6.091797 -16.759297 -4.965062 -20.381395 -27.970063 21.700278 10.800724 10.211778 85.076550 -13.492551
8 -19.548773 -110.268350 -19.545575 12.217813 33.159300 -46.404336 18.198982 62.408808 10.792250 48.012128 -28.984978 17.184397 14.000300 8.778029
1 124.360047 34.854644 -0.788796 21.572923 -31.322596 -11.969804 -52.536163 95.999544 5.953314 -82.854737 -60.649616 -34.637505 10.808266 -18.789519
3 48.008651 -83.457977 170.950762 16.232470 11.684684 6.679307 -53.224158 101.110713 -72.573722 -40.451105 -32.137965 -72.144748 31.739624 -32.416526
3 38.035174 -8.664363 46.075982 -3.260121 3.655966 -11.446713 -9.623837 -56.771667 -1.827445 4.631143 22.867998 -5.730467 -13.676554 -4.265088
13 33.061014 -85.181250 24.820511 -1.973380 -10.092630 26.095824 22.196439 -5.729778 32.509727 -16.199700 31.540382 -83.310202 33.220542 -0.957508
3 -30.085875 14.068468 61.187605 37.684845 19.168056 15.117818 -60.876304 6.136082 -21.449410 15.795875 33.352761 -75.196471 -1.887448 -13.015991
3 27.261664 30.864465 106.652497 20.625362 34.601422 -3.866697 -20.466248 -41.153562 69.100402 -39.575470 -78.835086 -49.610271 -13.910475 -41.688001
8 -12.448819 52.368315 16.498683 -30.750610 33.895875 6.531860 -30.321562 67.271669 14.111039 -37.079766 -52.616791 -15.658093 -10.695761 -1.106030
10 -20.691761 -54.353032 -26.972193 50.951925 -46.657821 -14.443955 5.222238 -24.772725 19.255595 98.520245 19.379865 25.427807 -26.051565 -4.814622
9 -60.078769 -76.822990 -57.261251 -42.388726 -42.954636 -27.432552 93.988985 -30.214513 95.182133 72.028566 25.557612 22.831872 17.311374 10.252897
11 -21.496046 -63.753045 33.263564 13.350577 8.688664 31.542290 -1.129496 -93.999342 -19.170730 23.855868 70.067745 1.196658 35.654465 -18.071168
4 12.235070 -35.310871 -94.612606 77.343434 -11.249014 -16.583237 38.135137 18.610697 -23.782038 -13.247628 10.369369 22.063676 17.984999 -1.956983
9 40.553630 -102.166809 18.899967 29.567036 5.130579 -13.389809 17.880444 7.661370 47.583287 22.059065 20.265251 -47.650498 -38.213267 -8.180244
12 49.505560 12.691058 -41.250343 -71.197394 -44.631940 44.245121 14.468139 -86.981045 19.732393 36.716364 3.475721 72.335857 8.429943 -17.539429
12 11.800804 -76.947012 -248.192939 46.856803 -36.327484 18.522464 83.740006 -6.745760 -0.590827 48.816000 -11.943399 111.751808 23.485813 35.773734
1 40.450660 -48.178633 -15.429699 -21.797151 18.336934 17.011750 28.898952 -16.454341 26.075239 -21.541227 -26.744615 10.858683 4.533186 3.980274
7 26.269209 -35.159261 -66.946088 -6.150059 -15.033173 28.047682 51.299204 11.418127 16.030633 -11.595229 -16.240068 13.798044 -6.386178 10.647165
4 -5.037045 -15.978662 0.789566 39.914460 7.213748 23.961706 13.109254 -27.514667 33.845446 -3.737234 21.577309 -13.024792 -69.587146 -5.531933
7 32.136255 -47.943487 -18.345917 -15.733538 -40.275200 33.469669 60.281567 16.675708 5.800820 38.012252 23.093545 -13.076766 -45.264167 -28.830725
13 -2.031371 9.770463 -23.133904 -1.755895 38.781857 40.737690 5.095400 -36.917931 4.473674 -41.263720 -63.886994 2.719766 62.532426 4.878548
4 30.048345 -78.648641 63.579190 64.739186 21.288162 -24.626598 -19.257293 -83.571624 64.563990 -4.852143 24.981822 -47.597703 -10.129951 -0.516742
4 -6.871931 -44.676294 18.158856 94.445870 -48.861326 -7.092385 -29.430597 -11.124919 8.135354 33.354993 75.634178 -61.105880 0.453240 -21.019142
7 -21.680603 -32.275095 -58.932748 8.647186 -31.470494 74.860870 97.982637 -34.710099 -45.245472 86.098658 14.943961 54.380527 -93.201004 -19.398311
11 -21.539302 -32.948294 -17.326721 32.284265 -4.791946 -4.008144 -2.478440 18.704534 28.502232 -37.786594 45.828792 -27.250753 14.432425 8.377954
5 0.558286 -5.058665 -36.705325 42.396999 48.587312 2.592721 1.287107 -22.356168 -25.058932 3.484237 -19.901787 10.889498 -4.580621 3.865349
8 34.892564 14.658431 -37.182666 25.356328 49.883732 -68.238511 -9.242027 50.350071 -1.469435 -21.843611 -69.454742 12.930729 -6.930406 26.289559
5 -18.373602 29.411001 -22.718483 -15.161584 63.732243 14.634371 -14.741643 -23.067551 -32.126704 35.622696 -26.657610 13.637365 5.397096 -9.587594
9 -22.796351 -55.442136 -21.315550 51.618748 49.384079 45.854871 -17.290312 -78.713166 63.005501 1.801654 8.596124 -28.202659 32.745178 -29.245978
6 28.198304 -46.055975 -21.192573 -10.847095 29.529086 53.764314 30.556574 -32.883075 49.960210 -5.597623 -27.259394 4.854132 -17.763551 -35.263329
4 -13.924748 14.259635 -61.069254 63.281637 5.318609 30.429218 -11.264810 -36.694750 10.239660 14.214788 14.638613 -14.817302 -21.357854 6.746558
4 20.835918 55.687529 18.881278 61.822092 31.507257 5.062871 -12.652666 -28.632505 -50.724768 -10.292210 -5.857378 -61.354681 -16.139942 -8.142789
3 -1.589455 -13.848695 58.301168 3.980276 47.815911 30.301340 -16.223490 -24.788940 5.346065 -2.560824 19.951399 -59.759943 -24.401037 -22.523758
11 -43.334920 -79.922593 29.307380 41.952837 10.346517 6.046133 -10.990825 -38.453461 23.968411 25.574042 62.071881 -58.225639 20.959198 10.701048
10 -6.913837 -18.016113 -85.945651 22.465375 30.993078 -6.310940 4.971105 23.811301 7.440094 36.609864 -10.105826 -3.171176 0.048973 4.123758
9 20.984036 -23.769672 42.182944 -2.629944 35.607129 29.930147 41.229453 -67.562748 49.949585 -24.839153 9.668697 -77.894447 -32.414199 -0.441819
5 19.819929 -27.565328 9.975695 18.471368 82.194449 20.768338 -56.197524 29.667310 -3.543916 -42.942207 -4.814168 -49.064011 5.849690 -2.619610
4 39.519623 -0.946122 -26.356813 64.281616 41.434628 26.801317 -34.448654 -44.649454 -14.741181 -53.766984 23.883673 0.705648 -38.529958 16.812661
5 29.212917 -33.617053 59.528974 19.423339 59.743850 -7.452600 15.270909 4.108078 -7.014695 -12.179214 39.083960 -71.053008 -92.046718 -3.008731
9 -52.633847 -7.586306 -41.622214 42.654435 28.904816 -4.254173 2.324452 8.648570 79.198271 -17.397415 -19.978730 -19.724996 -5.052260 6.519407
12 8.946427 9.222009 -31.984088 1.856175 -3.822539 13.071120 -5.590858 9.121094 12.582722 -4.414856 -34.873815 22.328760 -7.634594 11.192453
7 -42.217056 -7.892603 -98.750263 -59.317497 -1.179261 38.158418 89.388750 39.520330 46.049670 -7.959277 -22.401864 21.525387 -33.897080 38.972351
7 -3.074126 -55.632417 -62.865920 22.315970 20.466893 32.439355 102.011031 -24.697710 -43.224994 19.600201 -5.400650 30.501907 -31.265423 -1.174119
6 12.159830 -20.539785 -57.261618 15.476521 -21.101097 48.346264 26.469047 -38.960788 25.555734 -15.701641 10.404883 21.806962 -15.765917 9.111608
11 -44.443030 -19.416017 -44.662557 37.412580 -37.512303 -25.664991 9.781005 17.386527 -27.975311 30.885471 43.438154 21.324513 28.629404 10.816562
9 52.902010 34.451034 -46.578041 -22.482906 40.145656 -44.413307 27.235011 -25.540467 60.066427 -42.011290 4.671641 -36.783010 -3.888433 2.225682
4 7.452235 8.729680 -109.658895 53.938999 -4.612501 -14.708890 42.758075 -24.335665 21.018672 3.797407 -19.203473 33.830336 -12.203045 13.197066
10 -16.799225 -62.607412 -50.462678 20.245780 -8.774408 23.786896 24.453261 -10.055790 -20.410298 56.011151 17.127727 51.360564 -19.046198 -4.829363
1 64.511171 14.802141 -119.787496 -54.714668 11.743354 -21.911762 -4.616502 40.376850 47.961888 -1.907695 -1.128595 20.024392 -13.950317 18.597249
4 29.340193 -14.774975 -122.568120 79.610153 53.342712 -26.772341 17.032461 -60.868110 28.771052 17.343225 -5.319460 9.745172 -30.503690 25.621726
8 -2.154368 -23.880845 20.326530 -6.910600 -55.321610 -5.296145 -21.913596 76.036074 -7.546040 20.632980 35.214087 15.255569 -45.762323 1.320303
8 7.594767 29.727892 10.307593 -28.023771 18.830899 -1.640934 23.688065 53.191354 -0.339620 -18.488921 -70.473195 -2.429621 -7.430418 -14.514080
8 -38.182721 77.566983 27.457907 -20.513290 -47.076747 -47.981136 -0.628766 170.385695 -46.152742 -9.042950 -64.682203 -16.076673 27.659852 -12.733199
8 16.501631 -0.716362 -28.695412 -39.190917 -37.215494 20.491050 29.847636 67.285509 -17.569384 42.832775 -34.034877 6.766116 -46.989223 20.686961
7 6.900759 9.889046 -5.465811 1.451348 9.122620 -2.331584 90.964238 14.171536 10.875316 -5.089692 -36.372083 -48.945227 -33.699871 -11.470581
1 116.192849 15.418724 30.206745 -56.852811 -32.019334 -59.276395 11.267857 66.021311 52.584242 -84.713179 -70.010039 19.222140 21.784116 -29.826222
8 -40.813982 0.547677 28.666163 -36.535695 -9.829508 -59.388639 23.136102 108.937107 22.403310 18.481622 -9.422276 -48.692010 -1.626813 4.136951
10 21.795641 -11.743471 28.001645 23.752023 -80.841692 -41.350682 11.877530 51.863668 -6.822630 66.581299 1.833065 -2.873118 -44.084287 -17.988982
8 -6.642528 -39.133185 -47.723078 -12.732068 18.690906 12.644389 4.907175 135.250623 8.411701 -26.656443 -23.166098 -59.937254 10.059272 26.026599
8 5.826668 3.143379 -57.138893 -36.564657 7.566035 -0.556923 -1.298340 135.597467 8.443733 -49.124626 -44.239316 -13.055159 29.492715 11.907926
4 -17.634814 -60.031995 -91.058940 96.669562 -0.956737 -75.577859 12.670910 58.029026 -22.575507 19.517986 66.555482 18.077913 -18.736690 15.051679
10 -13.006169 -147.905724 -39.294356 49.016961 7.815836 20.670523 12.772506 -166.137877 55.105551 91.335581 18.451707 52.846119 66.443905 -8.114572
4 36.022556 -16.884890 39.345151 44.830779 4.585282 42.772674 -50.315637 -17.793457 -73.085676 9.885160 -3.633318 -22.770531 34.218344 -27.176427
9 -31.021856 7.000451 -50.956941 -25.191433 22.771909 45.764728 -37.950933 -44.796990 47.152928 4.357486 -2.349269 24.619830 27.938560 12.661535
9 32.882386 -54.372030 -71.611964 80.948551 40.907030 12.543512 -22.793165 -95.916469 96.408732 14.131248 0.581089 -18.966949 -23.347264 8.605304
8 -18.942886 -65.804496 25.615482 55.813245 -38.922886 20.810840 -37.011894 63.587506 29.921191 6.698792 54.999838 -44.764488 -2.265380 -49.734860
9 -14.521105 11.916799 36.239713 -10.578094 5.900699 62.877463 -11.675345 7.044907 74.148971 -12.654510 -38.503669 -45.582765 -33.211610 -31.401436
6 6.760000 -46.114556 -25.645358 -5.490786 -32.214627 79.083503 -31.240024 20.134114 17.297680 29.633240 30.237928 9.841270 -40.602838 -11.679537
3 21.986604 19.585392 36.496796 10.951798 -1.041439 -26.767577 19.884468 -18.703795 14.241051 7.241289 -4.126832 -30.364852 -39.780594 -9.602308
4 0.424506 -74.970495 -18.783028 67.070457 -22.874382 19.806926 -13.228208 -3.419190 34.710667 21.209272 8.655084 0.354650 -1.741887 -17.214363
8 17.863525 -21.655147 19.073760 46.805364 -69.092747 -15.772942 23.136075 47.930404 -31.385706 20.040907 44.393867 -40.215896 -31.829343 -9.292116
3 31.521043 -72.098586 50.759423 35.890372 -25.185016 -2.614709 -2.544896 22.151170 -28.260644 33.911253 0.100960 -33.119336 1.209510 -11.720537
10 -19.579027 -41.300636 -119.612383 -12.776390 -31.215843 -2.225710 36.540099 7.043499 0.315387 69.996416 32.774513 54.364367 0.647016 25.028697
4 54.563992 -28.423657 -7.481788 62.610895 -28.696218 41.763381 -23.697215 -29.335314 -8.205024 36.084667 37.214243 -27.371183 -51.255414 -27.771361
3 33.013533 13.202662 51.138645 19.333812 -2.924726 -25.040470 -5.621962 -30.655782 33.754220 9.805322 -11.317670 -2.410345 -55.605979 -26.671247
10 -44.648974 -86.497498 -109.878453 56.442797 21.052510 -17.538494 44.028223 15.242623 -29.273471 70.368998 27.156665 56.770485 -8.882548 5.657143
4 1.979788 -28.550639 -15.683852 54.186065 23.351176 -1.630821 -4.457393 -24.121294 5.040933 -17.438878 25.107381 16.803123 -32.095747 -2.489832
7 -54.738300 -10.727589 -134.505128 -10.455373 -15.020278 23.122493 80.735924 29.043930 -28.434448 19.415405 2.004111 77.354933 1.965745 20.238584
11 25.718296 -43.561929 -25.605368 55.380066 0.909102 -12.040579 52.970069 -112.766738 7.253288 47.630579 65.626099 -51.290512 -30.000763 19.778394
9 -16.511894 -4.944595 0.422030 0.192447 27.857802 26.414745 -21.725366 -16.180286 60.583630 12.924837 49.544329 -33.411537 -63.675917 -21.490212
1 62.476347 9.626500 -123.787532 -18.960254 43.604884 -50.239068 -29.756151 44.687729 -32.976561 58.583612 8.803483 -17.343905 39.483073 5.797847
10 6.455505 -81.115483 22.401965 -25.439708 51.017582 2.871672 -13.667855 0.830797 -61.958493 69.767254 24.931326 7.512999 7.388473 -10.996020
13 1.005423 21.069508 9.744765 -35.983270 64.230932 -18.765037 -19.228787 -59.222712 17.502343 -1.087038 -48.285605 33.300365 73.689730 -37.970613
9 3.534595 -74.519513 31.387713 60.461115 7.097410 19.897500 32.022280 -28.539665 96.047381 -32.893376 5.933018 -56.049871 -38.058209 -26.320371
8 64.381732 -3.254889 -98.979993 -65.803413 12.561008 34.864877 -15.331145 73.852967 -18.200757 -7.370628 6.030829 -2.097023 32.541651 -13.195205
1 108.908780 -90.030315 82.614407 19.239635 2.240749 -22.083476 -4.711384 2.108863 -2.211473 37.996896 -28.747092 -58.934563 -16.364852 -30.026171
8 72.643278 -7.906590 -82.633473 -82.114049 -14.908919 -46.364449 -18.671955 144.666527 -33.779084 16.668622 26.010287 2.251344 40.135327 -15.996857
11 -48.222440 -145.575797 -38.397471 84.518588 -22.720096 -71.137238 28.879529 -63.440375 21.674559 69.007715 87.725140 58.369512 6.984529 32.333855
11 -50.658772 -34.178480 44.697925 -9.557636 17.629749 -8.824870 8.299416 -28.761960 -3.494028 10.496746 51.356403 -28.511213 45.854987 -14.348265
3 -18.733175 -9.967144 106.991685 -10.935430 61.395963 7.421240 -34.524592 -29.754458 64.546709 -63.773418 -46.815208 -16.972608 22.199555 -31.079105
7 -17.587864 22.184179 -21.692845 -61.250672 -23.672917 13.647696 56.503125 13.234343 -1.993542 -19.871826 11.203710 17.130333 16.638334 -4.472051
12 -32.822553 -58.813272 -73.127398 39.669941 -25.081016 -6.463628 32.206595 37.896382 -38.758789 34.103556 -15.075405 65.206594 26.459738 14.599264
2 -4.712740 70.416008 -4.247782 -58.941366 20.874467 -20.159681 12.049886 66.897799 -5.647447 20.365626 -36.947787 3.498681 -36.788629 -26.657025
12 9.689583 -3.554666 -98.962623 10.479890 -17.700489 4.845769 24.222456 0.103651 14.622534 23.191274 31.680831 47.505702 -57.812175 11.688270
1 56.612911 -61.466370 13.455665 -5.971822 15.854527 -1.629512 21.645051 12.881344 47.265939 -3.159627 7.758816 -33.727873 -26.635182 -42.883863
1 52.738291 9.087225 47.418674 -85.514130 36.552923 14.672520 -4.110960 -28.604638 -19.147728 20.076768 -38.789163 44.821132 -40.202263 -8.998638
4 -0.696740 -73.480014 -90.609169 57.892025 16.983226 -17.186826 -9.686722 46.737545 -52.423817 47.944625 21.653270 26.318578 -1.679055 28.233079
10 -54.537978 78.598391 -129.503914 17.348013 46.234018 -53.822927 1.242257 -4.427399 9.335746 81.717582 -22.199429 22.659707 -25.358120 32.714062
1 41.123765 35.543376 33.975732 -35.518398 40.849863 18.527298 -5.608004 -6.330025 -15.785614 -32.638611 -31.877309 -24.485851 -3.404252 -14.371966
9 -67.291621 -21.213519 -14.563484 -0.596448 -35.529863 33.396077 -38.539311 12.563224 112.380508 45.615224 28.695533 -3.515066 -22.031180 -29.370061
9 43.438692 13.632783 -23.002021 -5.269504 31.971229 -25.590292 -19.920031 30.170149 66.625998 -65.532226 11.654618 -59.082117 7.103094 -6.200359
8 22.903963 3.150133 18.454004 39.013129 -23.727631 -54.056301 32.148587 50.157849 -3.976088 19.527973 21.318376 -27.324485 -51.099072 -46.490420
3 3.728627 -18.114240 44.769429 29.604740 32.476663 11.422441 -17.386215 -45.455702 -6.378403 -0.817383 18.811391 -13.835255 -38.815026 -0.011073
8 -31.491292 -90.523168 -51.847725 28.517098 -43.421737 -53.139190 39.878683 150.166524 23.071241 -49.526357 24.097022 -13.487042 47.254904 20.451050
13 29.573173 0.760027 -51.694492 -11.956405 24.535752 -23.876858 -13.636088 44.885532 -67.025393 -28.206530 -22.218264 44.959798 59.567898 14.331856
4 1.514346 -14.829135 1.895935 53.991413 42.864294 -21.273328 -16.905763 -2.526575 -34.986003 43.705677 -42.452828 -39.202865 36.582452 -8.377617
1 65.028541 8.221815 -59.619217 -4.732915 -19.343583 -9.203841 9.439213 -15.139192 -39.949644 49.716437 -45.252847 55.684249 -5.470826 10.621836
2 29.108371 68.217170 -24.690289 -14.841372 -1.168983 -5.996005 -4.088651 11.931432 -33.855546 -17.763954 24.112678 -21.520951 -18.289416 8.845526
1 69.398084 20.136871 -40.139807 -35.950372 49.785038 34.807915 -43.118431 9.646367 -83.454139 4.363630 -5.695767 -22.448833 18.877277 23.792182
3 -2.796994 -44.656073 89.744528 46.111492 8.511131 18.138783 29.390059 -12.479924 -7.884470 -28.695205 -49.790231 -8.340736 -13.808133 -23.444215
8 23.424255 -4.261903 7.590107 -29.172890 2.404726 -4.532990 6.307349 61.661882 -40.615497 61.165712 -65.328426 59.942551 -36.122077 -42.462795
7 29.856549 33.622589 -122.301519 -42.079072 25.696753 3.577597 88.011302 -60.545246 37.480902 -29.431839 -2.985433 22.663168 -26.302875 42.737129
5 26.080336 4.525939 -5.084430 28.787180 47.037966 -37.574672 20.172327 2.128006 -24.596441 30.762677 -95.232685 35.705193 -15.492130 -17.219255
6 -49.934372 -82.006058 15.787050 4.238645 5.035322 55.346891 24.371238 50.120356 13.466180 2.542575 -58.249463 39.682786 37.244893 -57.646037
12 43.283368 15.838210 -67.496401 8.154644 39.912699 -45.559274 6.376441 -6.667289 -5.469763 30.330884 -66.425429 75.330043 -42.641287 15.033165
2 -69.034443 74.120284 -116.979342 -35.855234 15.249785 -42.643753 17.536269 55.811361 24.207951 60.101884 -25.963517 63.116561 -43.897814 24.230020
9 35.171580 -31.563537 -100.071913 -15.927022 -69.601996 7.149240 58.396841 -18.891583 73.730811 8.838621 45.742771 -3.405305 -9.271336 19.702829
4 -16.999978 -42.458285 -75.107205 81.836639 -9.288261 -35.923937 30.239942 7.425876 -40.779496 38.038310 -27.097933 78.733409 -20.528674 31.909598
12 -1.842208 -42.510085 -177.400647 -11.171498 -49.237334 14.470151 46.238395 51.980247 -12.706382 59.812094 17.687673 76.235749 -4.334560 32.778413
12 -9.345415 -49.603906 -80.634810 -1.509549 -29.819575 -2.437653 14.647688 12.155987 28.838980 41.388042 32.257023 41.465996 -32.921196 35.518402
10 -0.223389 -11.459539 -30.719304 -31.384396 31.541511 -24.872846 -70.783510 16.696959 -37.564475 48.663618 34.644386 38.668694 -0.894552 37.686853
5 -44.346356 11.461862 23.190021 22.679662 42.547405 14.003779 40.981751 -42.436013 10.502714 10.355395 -23.662228 -17.425072 -17.687466 -30.165452
13 16.972937 38.558450 -14.800049 -9.513649 34.435078 8.729732 -73.283598 19.830450 43.802960 -37.174194 -64.888189 -27.748381 44.695334 20.383137
1 104.442165 93.836134 -33.450771 -16.976852 -5.088509 -4.440538 0.182099 45.083033 -5.497925 -70.576051 -96.103776 -8.205035 19.213167 -22.417136
1 106.860691 75.728979 -13.394168 55.810637 37.422900 -108.999994 -69.138058 6.110726 -24.745931 -21.560066 -85.159134 29.464501 18.137366 -6.538448
4 33.625567 -29.788770 -13.112772 55.398347 35.732377 -26.108524 35.649198 -51.335731 -30.053401 11.382996 -1.352203 22.283245 -34.321374 -7.998957
1 170.648046 -32.766935 -35.357997 -26.558501 -89.902222 47.907651 -7.106796 -39.400684 48.917569 -35.828842 -23.257516 59.287410 -37.285351 0.704177
10 11.099668 -22.609122 -30.809219 -18.476639 -18.964010 -11.411473 23.163592 3.022452 -16.379621 59.452785 -4.290997 40.761383 -13.566231 -0.992560
12 39.432959 52.059699 -9.987277 15.008521 6.032215 1.205997 -6.141445 -102.739203 -14.437457 -16.589750 -51.917285 84.362736 -0.100888 3.811186
9 6.775747 -23.146943 -13.203431 14.801413 -12.191925 -5.750995 10.120194 -34.978728 57.392824 -9.293455 15.800674 -11.952286 2.875900 2.751016
5 39.174511 56.337653 -34.296348 0.756315 59.196813 33.325951 -12.073492 -24.849453 25.732110 -77.361108 -50.989577 9.804899 -27.795031 3.036767
1 51.206426 39.283068 -37.554945 -11.882665 0.135795 -38.429764 13.367138 22.903958 -25.993927 0.387188 -73.426670 15.217326 46.931326 -2.144244
1 63.355265 36.827742 -20.980069 -50.487976 34.895660 -18.352651 -4.787921 26.815861 -32.861021 -21.654719 -38.066886 38.417145 -18.309215 5.188788
10 -14.085809 -0.419364 -41.801165 38.352083 -36.881471 -8.458022 13.775906 -60.793727 -10.241028 73.880982 22.577294 65.196321 -31.920258 -9.181728
12 -11.073678 -28.757046 -53.596232 18.296995 -3.442435 -24.205412 22.181904 -39.519368 -14.686008 58.688796 -12.203359 79.194784 -2.273323 11.394381
12 26.480399 38.369234 -64.451386 -57.021563 32.829459 13.780372 36.878139 1.719641 -46.536016 16.160111 -81.740989 46.582171 39.375807 -2.425369
1 110.987947 42.264059 -64.888480 -55.048875 12.393446 -12.290826 22.919469 -77.872480 1.078071 -59.716365 -64.119208 53.553783 91.501019 -0.761551
5 5.595810 15.180529 -131.302558 -24.520999 54.340455 -40.574217 21.086295 26.641451 -10.000700 25.958608 2.742181 18.287350 -10.763846 47.329644
1 54.284686 50.290106 -49.758742 -63.089850 23.430923 42.960567 -35.068300 23.755371 46.032716 -58.966088 -95.975134 19.609888 30.791183 11.702680
2 14.642945 74.079349 -87.361762 -34.028297 64.236487 -35.643185 31.283591 -17.990810 26.334809 -27.949292 -91.994940 24.454110 -13.116202 73.053200
5 -29.634499 71.445286 -85.849304 -31.222024 84.603026 -49.806655 20.046131 8.013999 7.632540 8.755278 -71.010772 51.686346 -5.778386 21.119058
4 -22.079549 -81.925761 -86.109652 98.460938 27.100875 72.110114 49.208688 -118.126103 49.572621 19.807707 25.106265 -28.366661 -23.057288 18.297816
1 71.195419 -46.000752 -128.502410 26.675234 -60.969334 41.387702 12.223013 -17.231766 7.478158 -20.149186 35.175013 70.121048 -14.243753 22.841620
8 -1.268770 -49.595802 -35.871941 21.362408 -22.234554 11.520987 42.157036 67.931662 -14.689685 24.246089 -15.850025 -6.562390 -21.664003 0.518997
7 -43.955093 -49.026325 -56.762581 -4.930201 46.836752 6.462401 69.064642 -51.153288 -1.799944 42.026284 34.246445 -30.727236 45.732006 -6.013854
6 -12.444597 -20.019354 -38.207772 -17.534671 31.482486 130.499535 -8.314976 30.505143 100.031128 -37.988663 -68.330349 10.017989 -79.730769 -19.965116
7 -20.802395 6.079507 -98.436809 9.799737 -11.397775 13.987352 46.046007 12.619026 29.029362 -10.371386 36.585817 -9.002297 -15.616557 11.480418
7 -4.997824 -47.266941 -39.417341 41.820907 19.539419 19.517216 70.071740 -29.435877 0.439466 -6.881790 0.197900 -8.684764 -17.470104 2.567999
4 -29.871998 -42.006333 -139.735125 184.164522 40.678285 25.305636 15.052822 -106.359157 -22.946384 37.000931 -36.222854 44.292359 1.855662 28.791638
12 0.205861 32.383973 -62.735929 16.713477 -54.103808 -35.390135 50.060355 57.936757 -20.263167 15.845396 -70.505177 86.017765 -7.514562 -8.650798
7 43.706252 -31.103927 -30.820440 29.078352 40.620091 5.905769 69.333414 -3.085029 -18.625065 -78.014034 -23.950929 -37.876921 39.871900 -5.039421
8 34.870050 -0.289879 62.004750 22.755627 -10.248987 -11.122501 17.833708 93.718444 -42.030854 -77.050502 -16.496030 -58.944175 -3.784274 -11.215367
1 50.355626 42.995749 -22.181450 -28.340611 -12.548581 -17.589934 35.817549 -55.531515 -31.593904 -16.062730 -4.609895 16.308906 32.562816 10.417981
2 30.396751 116.007326 -20.979264 -38.987742 -42.870107 38.001190 4.059060 79.068744 -66.754660 -85.599267 -28.970028 1.842862 -2.644311 17.429456
7 27.923845 -66.245397 -125.537477 63.342658 -34.348243 50.198222 83.506877 -50.848229 2.802308 -20.042498 -1.925797 58.266074 5.373077 7.534580
1 66.868002 13.565228 17.277908 10.078407 44.095496 7.084399 -6.413661 -21.425039 -6.618128 -31.822068 -49.699006 0.516730 -35.903888 -7.604375
1 47.068703 22.204744 -16.680599 -12.799798 46.402976 -5.285124 42.993625 24.556253 10.888749 -86.940146 -37.416311 -64.871235 26.290049 3.588131
5 27.418417 37.991868 21.362562 11.654837 48.393684 39.147791 -33.641836 -12.232253 -6.854395 -46.978301 -20.180309 -15.183244 -45.969089 -4.929721
1 56.563535 -15.277142 54.414480 20.446596 33.543661 -19.926693 -9.274961 -53.623313 20.056369 -73.284217 31.403996 -68.421689 34.941934 -11.562557
2 0.638178 48.112302 -47.767287 -17.606385 7.948542 27.230600 10.812829 22.740524 -2.386446 -31.625036 -23.396162 28.797667 -31.099849 7.600521
10 -51.326637 -70.440136 -27.006517 42.829425 -18.064428 -2.497619 -52.579590 -18.441959 23.273305 62.925436 33.571541 30.942562 25.241744 21.572880
12 -43.641414 -1.815060 -25.984378 -18.083983 27.430014 -9.521160 32.238888 -30.215503 -9.156937 5.127852 3.264425 38.275310 20.431676 11.650282
1 55.933931 -25.536796 -24.878864 -8.770976 40.818091 49.649784 29.868940 23.798197 8.272501 -51.238937 14.618929 -75.176310 -16.854372 -20.504112
12 5.549837 75.303347 -36.318921 18.678144 35.777929 -40.762996 -15.079960 45.222871 -123.005111 -23.779263 -81.813411 84.677169 44.116954 11.433419
7 24.747800 -48.799861 30.476258 42.727908 -4.687781 -31.507289 104.122089 57.111854 -32.440591 -16.092238 58.594969 -87.969154 -94.797930 -1.486027
9 14.893965 42.858747 29.456544 -26.140874 -1.329509 -15.450069 36.345670 -12.041418 49.659749 -10.365836 -53.887872 -31.550811 -38.990791 16.542515
1 49.629059 -8.473620 15.780944 -6.826377 25.581020 4.277483 -12.490753 -17.855582 -84.610311 29.773017 -2.536657 25.503360 -28.952191 11.200619
1 89.525428 -21.358604 -39.796415 20.812625 -6.993087 -2.233544 -48.404613 -30.043606 41.138222 -14.935341 11.974864 -31.807500 7.720699 24.400900
1 86.907943 77.445658 46.789971 14.334092 -13.030820 -25.145360 -11.729477 -89.573252 -23.066541 -14.689624 -37.925445 38.906522 -31.110242 -18.113415
9 -31.699171 -17.696142 0.990183 -2.824522 12.727621 13.173097 34.678683 36.803630 63.926426 -58.609001 5.061900 -31.123519 1.061207 -26.470392
2 30.155735 49.121100 4.785658 -21.125244 46.716222 -53.202147 23.838403 18.377400 26.637172 -57.157671 -58.833227 14.982217 -16.490684 -7.804920
9 -13.450185 -45.319344 -38.325409 12.858454 -0.365227 27.749474 10.489625 32.602224 56.938987 -19.016086 46.924466 -53.883888 -28.730585 11.527499
12 6.897428 -0.213446 -43.078209 24.770329 5.067729 -8.299296 47.596639 4.848066 -46.196407 -1.838679 -28.685145 61.606232 -14.236640 -8.238585
4 -12.499497 -50.772303 -8.397894 45.250944 -37.771710 3.067040 14.130698 -72.913748 43.939628 23.537160 23.766975 2.862365 28.797746 -2.997392
2 -0.220509 61.331882 -8.549792 -6.732532 37.193206 17.725347 -38.869787 -16.877758 4.291807 -29.258109 -52.966019 19.067553 12.630941 1.233774
5 -17.239007 -19.511195 36.221527 7.653065 46.546928 -28.784910 30.074493 12.438429 25.813956 -12.885229 2.821525 -59.636571 -22.445598 -1.067398
5 -20.809455 -3.252137 42.598684 2.426449 56.239394 1.582574 -19.806170 -30.730476 15.177558 4.696441 -59.251098 0.349549 24.759872 -13.981175
8 -30.742236 31.492423 -49.646139 -38.897092 3.204831 14.476748 16.731578 38.805863 16.403829 10.598701 3.230117 -2.064759 -12.089823 -1.504034
5 25.958599 49.472302 -11.584058 23.810441 56.425099 34.372205 -18.126662 1.679648 -37.181398 -41.226479 -76.004404 -14.547764 11.899233 -4.946750
1 52.238056 36.588199 -59.522407 -36.778248 38.544283 22.888381 -35.762026 14.087592 23.553490 -47.578237 -89.354637 30.742730 46.279862 4.072972
10 10.129450 -51.263392 -48.926329 71.421927 -12.681982 -38.002827 -31.387801 -119.018628 23.846026 83.586592 65.335659 22.485525 19.219190 5.256598
1 53.410483 26.310936 -22.654360 -51.063170 15.247267 -8.819687 24.870313 -17.406156 27.212682 -12.817269 -49.957775 0.195098 7.504838 7.966812
6 3.238330 30.933723 -12.364517 7.791099 18.608440 39.083692 30.533646 -12.456841 -25.939178 -27.380375 -17.788565 -39.346594 6.383241 -1.296090
13 4.709857 7.232667 4.763980 -10.657072 29.271118 -3.806314 -22.458758 21.034206 11.590404 -44.298204 -44.866871 7.273589 43.437950 -3.226543
7 -28.293458 -98.627745 -113.699967 -26.970127 -71.135416 -2.124469 125.342049 32.939753 23.289099 5.191643 18.522342 94.953119 -1.308016 41.921198
8 23.225820 36.240765 -74.616397 -57.176605 33.525123 9.929138 -13.314094 57.256910 -2.699977 -30.779332 -40.806823 3.622965 35.928941 19.663576
14 -23.302457 -8.009302 -109.015550 -39.142292 11.855665 -30.650197 41.073556 24.909294 22.751937 27.114315 -12.264043 33.473835 18.659424 42.545833
10 -22.843538 -43.935700 38.045876 62.644582 -5.825788 -65.075724 -20.995141 38.571018 -34.359541 83.973869 73.745519 -67.310013 -12.589459 -24.045959
5 -4.731823 24.406350 -32.955241 -26.430465 33.231078 -7.166590 27.327953 12.978622 -27.112896 32.620331 1.848922 -8.506418 -29.862841 4.353023
4 25.320305 -34.265101 -10.573057 41.784159 -37.094055 5.272395 15.474465 -26.952003 -6.806005 16.709629 -13.367821 3.437344 37.843183 -16.783426
5 8.772979 24.848462 32.602625 10.278976 50.436657 -27.005585 -26.528103 -76.350301 37.839097 17.532109 -42.207339 38.643846 -43.063156 -5.800250
8 37.084172 21.698553 -17.536826 -20.269327 34.929267 -34.803294 -6.482222 58.851151 31.973484 -54.399912 -76.669054 3.947052 22.545129 -0.868159
5 110.706723 75.477202 -68.699364 -51.916163 217.418278 -72.863608 0.780980 1.809846 -20.441366 -34.098855 25.059906 -126.732670 -93.020574 36.519673
13 19.900157 -19.374544 -37.576265 -22.539727 22.477929 -83.080711 -9.028978 40.096417 -58.006497 30.685926 -75.486607 93.504127 115.825501 -17.396718
2 -0.380416 120.287757 -93.882882 -8.404627 60.737178 73.251328 -26.571379 -41.924214 -14.207559 10.055937 13.304979 -0.722329 -70.963683 -20.580097
1 87.651670 -3.885506 -33.833327 -65.914337 77.605487 -20.983859 13.300685 -24.778378 1.010791 -18.151792 -57.204883 -17.482119 77.037028 -14.371449
2 17.101359 100.521965 18.622876 -72.354877 39.424963 9.252937 39.938815 8.971525 -64.894420 -65.356245 -83.903425 7.007776 66.853874 -21.187125
1 108.864317 37.476036 -85.926973 -82.426237 -11.466204 13.778929 50.512633 6.491165 28.147429 -22.416400 -113.700975 82.274006 -24.831643 13.223923
2 -3.938277 83.205769 -57.197477 -23.926206 27.835997 8.039365 -0.022293 -36.742442 8.142225 20.059082 -27.553266 -32.432435 26.760575 7.769393
3 -51.986057 -21.094512 119.102482 -0.855814 44.370850 -27.148303 -21.545116 26.299722 -37.910908 22.321957 36.168019 -7.832441 -35.422752 -44.467122
3 79.223643 79.990689 100.885308 -55.063181 0.396572 31.172101 -30.488701 -43.960120 -1.643720 -26.103942 -60.052529 -17.269355 -20.597569 -36.489183
6 -4.760975 33.972672 41.026356 1.451806 -37.407000 57.242466 24.199651 -29.090793 -48.475701 -52.014707 10.010255 -33.249256 48.635689 -11.540446
6 -47.881373 -51.065698 -10.510210 0.092555 8.923023 61.395861 -5.871052 51.778190 -14.235629 15.695649 19.136504 -8.408651 -2.278151 -16.771002
2 14.550513 45.952680 10.941812 -18.609855 3.268723 9.731319 -1.009188 -62.795632 24.368296 15.613263 1.112465 1.652814 -44.273001 -0.504201
4 18.980019 -9.740270 -51.745114 58.013108 -4.883914 7.958636 21.478310 0.525723 34.661017 -16.524379 -34.024366 -35.151191 14.178808 -3.726379
10 40.521497 -23.094686 14.419989 52.678916 -45.009474 -24.135943 26.904245 -63.201378 -78.068257 55.673216 23.962258 -19.176982 41.557552 -3.030943
3 13.871108 10.401401 66.935394 -72.807354 14.857984 -28.803209 38.795707 -38.902589 12.887004 18.241307 -18.608288 37.273487 -36.541266 -17.600672
5 19.166420 21.021205 14.313814 -29.633436 34.963899 -7.042036 -14.761666 -13.848074 32.370328 11.308354 -28.492748 16.268071 -34.651506 -20.982614
8 6.685366 -24.981483 -86.969644 -2.389749 -3.355269 34.865517 36.345293 57.916587 -36.976965 -24.792313 -2.467766 18.136008 25.366400 2.618018
7 3.838984 -12.345637 -106.105235 8.627015 -28.238239 13.753257 119.550178 1.279656 -76.561460 49.694467 51.937878 29.263118 -90.576240 35.882278
3 42.017640 -64.495396 84.548727 21.275755 54.316882 0.716306 2.738330 -65.137907 -27.766265 3.703205 81.332561 -137.653273 -11.521233 15.924675
2 28.681632 76.582253 62.178935 -9.229798 41.281754 22.813389 -56.977826 -45.090391 28.619692 -18.376737 -3.221422 -49.541558 -52.596479 -25.123435
5 10.349017 -6.353925 -23.158567 29.138081 60.109086 -10.905262 -1.827551 -82.047336 3.908005 22.028825 10.482337 -25.268692 17.470740 -3.924762
13 -18.871473 -17.512604 -2.744156 -3.959371 29.817984 20.615343 40.225494 54.448342 24.490597 -55.250352 -54.599099 -93.638357 66.520386 10.457276
1 55.765990 50.405891 48.582228 -10.682311 30.103350 -16.492233 -22.038525 -19.929332 21.482404 3.845843 -74.001871 -9.724452 -19.714202 -37.602773
1 79.844118 60.179919 36.508055 -96.918724 45.543458 -43.072062 -8.039882 -10.282883 7.909484 -40.516696 -66.082739 35.094427 6.158837 -6.325299
2 18.929285 95.785520 20.839860 -10.483861 33.622029 -61.897120 -17.253324 -4.224227 19.815120 -12.068155 -42.248217 -10.414126 -28.818872 -1.583894
13 11.702188 -7.081270 -62.207649 0.581182 16.163570 -30.467451 21.929352 22.010543 -63.022511 -0.270274 -37.379160 14.958884 93.541076 19.541523
1 50.006329 1.367463 33.226785 5.071352 11.670695 24.301611 -20.803903 -63.311939 18.268331 4.527996 21.355109 -47.391254 -8.954011 -29.334561
2 39.432147 61.655302 29.580534 -50.766711 -42.421399 -33.852977 6.374811 56.072800 10.918520 -23.138533 -69.087323 26.847480 17.464961 -29.079602
4 59.291888 -36.777652 -8.370693 66.398417 14.589849 5.454607 6.431775 -21.198105 0.168012 1.240277 -9.675695 -18.642971 -35.983563 -22.926131
6 -40.847291 -2.175513 -8.076014 -3.898869 -13.863935 29.931589 4.018382 24.042748 12.482956 25.105156 0.307199 -25.652732 8.805766 -10.179430
4 -111.452835 -0.050612 -49.212860 72.951362 -16.187523 51.249309 -32.901472 6.044389 33.700127 -0.516434 10.393390 39.533038 9.458145 -13.008017
6 -18.615380 -40.008891 -7.952318 45.661518 -43.709296 70.570493 8.629411 31.471772 -62.933812 45.736881 -2.948239 -11.456468 11.314479 -25.760137
5 3.340823 23.007662 17.477935 20.829150 27.532021 19.053617 2.403716 -8.953624 -22.656325 -22.837719 -10.282569 -47.793043 0.539949 -1.661578
11 8.682417 -11.020589 33.002311 64.668790 -16.412006 -27.253683 37.251997 -35.368686 -35.468464 41.572801 68.377307 -98.638295 -6.314871 -23.079024
5 31.469235 16.062956 38.246590 -7.699647 41.304743 17.828684 4.603669 -34.381337 -13.990832 12.999315 -53.408515 2.279622 -38.984793 -16.329683
13 -10.507497 -5.986366 30.076761 -30.612655 -1.178196 20.999156 35.999979 -1.394292 -44.152030 -7.623705 -36.508853 -24.358625 71.002205 4.244128
7 4.031862 -54.474184 -17.009671 17.168756 32.734502 4.477123 43.887307 -2.630826 33.219008 -21.627536 -17.827338 -23.674368 3.953633 -2.228260
12 57.144354 -47.770918 -32.948389 5.471031 -7.539764 23.246979 -38.039840 -54.250965 -10.315536 22.558056 20.434310 59.532989 -14.327392 16.805091
